POINTS
0.005000  0  0.00000000
0.005000  0  0.00017949
0.005000  0  0.00035897
0.005000  0  0.00053846
0.005000  0  0.00071795
0.005000  0  0.00089744
0.005000  0  0.00107692
0.005000  0  0.00125641
0.005000  0  0.00143590
0.005000  0  0.00161538
0.005000  0  0.00179487
0.005000  0  0.00197436
0.005000  0  0.00215385
0.005000  0  0.00233333
0.005000  0  0.00251282
0.005000  0  0.00269231
0.005000  0  0.00287179
0.005000  0  0.00305128
0.005000  0  0.00323077
0.005000  0  0.00341026
0.005000  0  0.00358974
0.005000  0  0.00376923
0.005000  0  0.00394872
0.005000  0  0.00412821
0.005000  0  0.00430769
0.005000  0  0.00448718
0.005000  0  0.00466667
0.005000  0  0.00484615
0.005000  0  0.00502564
0.005000  0  0.00520513
0.005000  0  0.00538462
0.005000  0  0.00556410
0.005000  0  0.00574359
0.005000  0  0.00592308
0.005000  0  0.00610256
0.005000  0  0.00628205
0.005000  0  0.00646154
0.005000  0  0.00664103
0.005000  0  0.00682051
0.005000  0  0.00700000
